51464
10619
86571
17919
73493
80225
18903
22441
6688
78049
80347
30083
18683
6967
39297
11861
39023
21342
68995
74700
1745
96183
92171
67289
77900
30849
58073
74041
78591
45766
59853
89576
12139
93705
99135
17947
26351
11402
33242
85178
33586
11515
7100
57602
74410
75329
80178
54076
44003
28055
56036
90245
1251
56154
75123
92771
3553
99731
33318
41780
71817
80840
51492
50671
54883
24319
95911
98965
87775
87768
77749
82954
73612
94256
66243
68640
74867
18501
69121
2707
3776
84472
66911
36190
18262
5635
70530
12954
84509
52545
72183
65200
41583
86878
86113
77854
99003
18683
38049
70979
74007
89248
40410
68179
68560
72788
20280
35439
54632
55016
85112
68874
87249
5628
11743
62488
65017
21790
4932
63287
86484
60866
46940
94915
3555
72869
64997
15376
46561
73463
57506
29453
24114
14762
23823
9993
8934
26722
76151
1478
16093
43507
89777
37043
59795
35971
25267
41527
90840
24160
99582
20104
84227
68661
34188
13605
5065
81627
53256
21842
5997
32380
75832
76967
30700
77684
16583
88275
64768
95055
15203
56822
63343
28851
99952
10721
14259
37339
97985
94178
23228
79499
59198
2010
10688
25970
51206
19744
73381
55317
68781
41274
45496
73575
41713
69622
95370
33039
84417
22387
48168
29221
30924
41216
65833
21064
88006
93899
37696
87703
29089
51568
31695
38349
67487
9006
22963
48327
15059
46063
89738
22716
93940
90925
70105
33718
94268
81208
8940
14471
91069
8685
88634
57897
7421
63936
39776
95947
5915
97234
1867
15647
97133
30621
24357
87378
25394
80366
1966
6933
23455
93777
84113
14242
13021
78845
20610
43873
58080
1103
48409
9941
37940
98767
46106
93545
10650
58378
59297
25469
32087
60997
71486
48619
72436
44340
60271
39454
2118
81261
66871
34588
66344
96555
59752
1711
69443
42199
97153
2110
52004
47942
15666
55185
32470
97478
37782
52716
12397
54415
93331
21925
50931
10764
49213
99901
36264
32837
93524
34483
17874
9146
25284
66357
59276
7242
40446
60865
60690
14329
17598
60865
33694
21015
82957
55921
83274
79663
98668
3099
35002
79485
65279
21819
48185
34849
32401
70361
36737
18127
39072
76984
49400
27885
36188
98003
99505
8335
43556
63632
43018
15573
82660
50056
61903
61440
79096
30802
19026
40669
64888
38321
23845
84441
36408
83514
35984
89502
5589
75931
66502
85652
61330
93424
60218
31622
10614
73153
53843
54195
77793
88153
70901
68826
87766
13941
88523
52057
87432
82130
26103
66599
75742
78497
41574
92150
18002
17617
2689
26843
51751
6850
65144
93571
95511
14296
55650
25418
27083
92233
62266
32026
66738
61545
60228
41858
41680
79735
72378
32101
78562
94299
22960
34314
11513
91526
91079
73835
6262
32134
85458
43559
93286
2648
45359
99792
86712
78955
63571
35622
78781
52134
76267
46596
94125
21421
72255
9380
18876
53966
18763
42603
62795
51014
49271
29186
45027
42148
62230
48174
41961
16355
74565
65340
53766
60885
45866
21758
55754
76192
40926
45004
43497
3641
15957
36707
79865
6161
28297
45861
36650
33597
43740
95549
69364
80240
85818
94602
29957
63740
99350
7149
96840
37501
31480
47071
44431
66635
10080
13980
90775
94571
2989
51632
74305
38609
50931
10417
74820
68925
43182
43086
55996
51877
67178
68793
51391
28909
97117
6214
2882
60862
3447
64639
83765
70116
40689
99771
80435
44728
85522
78321
66563
10507
78372
53496
24991
3882
14856
8012
85333
19426
90447
47480
7223
45962
25543
21716
13605
52379
98815
60948
17096
29565
45195
35767
89624
47212
85266
48284
19838
40736
56990
95029
81647
90100
93787
57890
88245
31976
32841
89729
21501
81451
88285
28170
38332
47273
10444
40633
65798
40634
51819
9748
1164
6432
20659
30998
38982
35162
46198
3723
22355
26708
91476
76523
29138
31711
74555
16539
72584
7496
84532
51223
66207
90119
10245
65799
95126
99610
35924
9950
6042
59246
78182
94090
38230
42388
14780
84988
75480
37343
23459
69656
42849
29660
22831
49928
83316
13298
76873
82478
90043
48317
86969
54796
78887
99912
20681
71092
21085
4011
28498
2081
17659
23079
8741
28221
76074
3236
1599
8173
76986
20532
87833
73045
42573
86809
47187
63359
22965
81496
44814
99676
80601
21505
2189
97361
14066
27435
40949
23175
77990
78373
39951
98099
4925
87745
44504
85178
57922
87974
63241
55126
86497
65044
57482
12941
27173
27564
57115
18950
64472
60444
88101
8416
54368
73992
68589
97171
67630
11941
33354
34637
6284
60802
88875
35148
42541
75809
56779
29527
78001
84827
39643
33646
74793
44632
91279
38925
10426
72262
89551
25646
36655
79373
91605
77427
61516
99003
67016
5282
55849
8594
12848
45344
90203
17734
26963
66605
57842
16746
1066
54874
66847
38059
94032
22607
24833
24127
19872
58294
2738
69654
6457
83732
65360
35928
42612
71756
87961
19228
96632
40786
7161
99490
83485
36008
69636
88797
24053
64985
32764
18649
58695
63115
95364
48522
16156
25556
40913
87833
87514
61002
24390
46144
91244
91119
94792
74262
85837
29398
74796
94752
88518
59772
85693
37423
4607
68501
56751
58417
87918
35602
32560
65680
11201
57440
10630
98949
35263
45056
86561
93667
35630
73354
44530
86776
85930
72377
27611
97853
9176
72676
61474
67721
37022
38053
44537
2411
68807
53921
91365
41188
4802
60981
61258
38282
25471
65084
86460
3008
73833
82789
44190
46058
92147
37444
43922
42969
35065
36521
87771
99093
41225
46364
56743
14776
57871
83638
89782
95956
24612
40404
18061
3980
96729
72010
40878
55131
77625
84834
15700
72106
16051
65394
96504
97589
5561
12346
3437
57009
65398
57545
20099
18619
89537
71572
33321
36222
75022
77950
86281
58065
3944
30696
81062
5801
23522
39857
13396
47843
94650
59276
6301
24927
1045
92073
43643
80387
83767
4053
16302
22280
91285
82703
96649
25392
92630
35366
46338
68956
27264
34801
75186
98022
88311
22463
58846
66413
84618
93624
70458
53431
21788
69804
21118
99747
47858
13930
31090
52268
79623
18170
29093
58261
39867
62547
68775
29527
99755
95155
79514
21137
99579
88116
24223
66903
97757
73357
7521
59689
70589
68758
10843
36510
13673
61369
32468
13469
2181
28074
15316
75636
81283
38353
3480
20249
1980
6710
24982
11879
78400
19807
15089
30618
88238
9396
97713
40846
97561
93835
38946
27727
20451
70210
12678
33254
56215
86983
4437
24435
2834
9460
46189
21117
41264
29497
3723
23860
11827
64439
85512
81368
43553
40541
24512
55115
77664
36951
60353
38068
38683
60718
24594
24719
13697
70345
43401
23101
9234
81972
97942
39969
81993
55489
79117
88964
23271
64684
11916
4261
49389
35881
22676
62062
13715
43543
92869
81134
53031
46860
91742
57637
16967
57515
17177
84552
86090
26600
86474
23209
69851
58978
9533
35678
87169
65353
9957
68187
77771
80862
64985
92154
67597
96115
93955
95013
90660
74350
63064
60646
32620
35701
41656
43985
62084
42481
4019
15178
71207
23895
95849
9663
72616
30716
17956
4502
23938
37134
31662
6459
43314
55297
20428
24517
44245
58939
18824
76828
68939
74977
1759
70511
26926
34023
96076
74184
50234
37437
81171
9726
60728
45788
74180
61433
2401
56470
75458
29515
27425
92649
25684
13753
65610
8755
39814
65093
58662
51401
59357
14011
60151
41793
95052
1652
22506
44560
81961
74957
37590
44331
58280
94360
97482
67388
76788
34074
37034
16352
12840
84473
61526
32046
67123
90737
52349
33449
8029
68622
96125
25087
46552
6037
52947
10152
73903
64985
89592
5211
83779
59450
24501
85560
78216
95894
91237
74014
42374
50188
20681
4303
66276
57115
38892
2154
63632
80915
43775
48722
66268
54834
75026
84152
15429
55187
91796
63770
50332
35085
19435
73757
94780
91754
41439
71026
73437
30155
56241
5603
44485
24626
50987
52844
42858
94213
64658
1574
13065
43527
14009
76494
80781
15182
96793
46102
72864
99123
84487
71851
91337
3619
75424
46333
89024
78166
61694
85964
39109
20096
76514
22870
72726
6449
1955
80582
94914
80369
11920
4532
87883
57187
93125
46450
27368
41331
27550
17337
92180
68225
30399
44964
15583
68515
85926
87653
19155
78214
37826
10493
33980
40654
97894
6215
36721
50629
61591
62458
34057
32570
12971
10470
51297
48277
21967
21979
4628
82397
94544
3425
26484
66673
75509
20679
6838
47891
46896
99976
36934
46422
61861
54946
7994
84368
41821
69386
91833
15506
7280
26759
56000
24484
84273
19397
84179
40094
17731
54868
73947
23927
22299
39145
48760
83272
97148
72934
64150
10727
56237
7833
45506
93831
55241
32923
50668
54734
42889
8883
98625
77997
89932
76861
5108
36510
73189
31985
52708
30738
80281
64738
25247
88651
74547
46261
23703
24036
6517
49169
70778
40292
74895
67498
68431
81264
77521
45114
70206
80327
18130
65125
97072
85549
61854
41737
49710
28578
25464
74412
87772
93762
16223
40236
58485
73950
41883
13068
93310
66523
75950
25205
85881
22315
9720
13205
49463
29350
65818
98861
91374
61655
53060
25349
13526
21846
11401
42211
95154
37701
82455
49962
1119
8560
81735
66980
4890
99111
36189
99667
99217
48909
3914
91868
66949
51916
19069
10126
73071
58287
94008
49475
83115
34774
20468
34279
85435
2266
34352
91958
13612
3271
7106
11373
13260
4516
66129
83242
57964
90304
22800
75001
19794
71825
83783
67369
12980
73275
51160
48087
15720
55364
62675
61302
8924
64652
15962
43529
23796
96087
29048
20256
96646
13114
21683
61932
21121
44891
83186
56392
44225
82321
70419
65645
35976
35932
21338
26432
33421
39059
1174
53044
13895
60227
7810
4535
99969
64280
26258
77763
81380
74440
11279
13494
47506
79283
86251
83318
78439
26472
1218
85091
5702
50065
31784
42333
27858
95260
54035
62174
45845
94598
91116
23303
65878
80902
38261
64786
63952
34532
18223
30606
66689
74019
57918
92422
77195
37613
92902
82205
9919
3962
85905
31226
15183
61789
41089
24245
86028
46280
16011
72725
92384
93807
86412
91491
54272
33557
99924
90393
1739
31784
52667
79303
65672
97535
77308
10149
45272
66020
84736
66604
40136
43128
83852
67606
16205
61077
46146
11042
57661
28744
11849
67617
86914
30864
22267
17278
90281
4027
61697
53490
61730
61266
26883
35125
99190
33922
99396
65908
11412
39550
4592
45964
61181
98689
13923
62397
83803
69588
58304
38649
8355
63261
26084
3903
81984
1633
63775
90852
90736
39080
24181
40825
19968
94185
35943
5535
3224
99297
95622
62546
19712
98179
62526
56013
14064
15962
92316
77315
17001
18539
31117
61788
15723
9625
52468
43041
65505
90840
93761
81133
72869
61432
59122
71321
73023
10579
65737
91090
26852
15655
21551
70784
6750
51361
39038
10360
96873
52259
88375
98570
45067
99947
60759
59267
86729
44905
49977
40517
79175
85993
18395
89753
77840
7521
72610
37393
71603
61937
7766
8102
68948
95342
82263
30220
31393
94331
98058
71839
7660
37025
91175
89549
73495
53608
17193
65008
99774
77267
22575
50227
64666
8064
97547
43773
20015
89025
89033
67013
65926
71553
94685
23050
28651
73244
32484
68080
34352
64153
40666
58606
93111
41733
13837
68262
43758
62843
91088
25834
68543
75562
24724
61603
31557
72912
12882
5155
55992
89125
64767
19526
83846
45642
73590
30738
81587
42755
85475
50719
18492
7521
68583
62986
46929
84531
13610
11531
20801
90982
78482
80007
34587
27651
92643
58489
52016
83452
39729
9987
87375
69530
23632
95217
32711
17208
87067
43201
89820
30477
64665
50880
55890
80307
87391
6069
9000
57630
45684
80932
8290
34598
76204
68502
83666
22493
2318
3772
82228
34586
65671
31449
80303
13243
19085
83621
21998
13644
93981
10368
26572
90681
65042
47690
22639
75862
24514
9058
6286
75454
35768
81480
85599
99503
14038
61054
89833
59968
42271
46763
6584
49877
19907
66540
13724
86081
22172
22596
17669
49108
8015
61473
29691
28503
50282
47419
51413
67064
72956
96366
12481
55528
77416
34074
74561
13471
3642
15931
78278
83465
29056
62314
3614
45972
30359
49546
50426
31937
32221
90133
16302
42623
58968
78206
83858
38916
68640
30978
18763
83122
68767
22456
32407
17124
60097
79689
22963
45744
19216
58477
18915
37208
30534
6707
45663
15776
11519
87264
39807
77811
14294
25921
45956
57949
89792
84629
24552
83421
97583
25175
47188
9122
81283
14452
13171
8654
15016
12311
19791
71252
97912
91389
40720
47343
24876
1278
17328
39381
69061
25972
35407
81565
59389
62668
92788
73188
66384
67835
61768
83509
12174
99717
41931
5328
38101
54471
77063
59815
89696
24632
35222
45610
70009
23754
76820
33761
79326
44794
56642
22736
38187
33153
45179
90450
74378
1161
52432
72151
18133
21354
41475
39870
73216
91962
44545
60232
67811
77727
86209
59480
52289
92491