9348
51658
67037
40892
19303
53953
49646
49262
49815
95618
91866
45982
53776
93269
22476
88828
89492
29648
20780
17231
90579
67755
49674
46745
83971
61398
98364
7333
35851
57646
27690
3030
92899
49739
25062
97453
99518
55617
79282
35574
28766
73222
71050
18075
69398
34287
53659
51457
67898
68254
99313
86911
60587
9438
16657
94784
14707
73449
17513
81214
4063
14280
65347
87273
93085
67313
54882
12650
14240
23803
4224
61611
20487
94221
77185
65573
37931
91042
38892
91310
76075
12352
48528
53331
82936
90793
4877
36562
77992
4028
11541
58985
72220
75112
19992
42345
30623
43624
61205
90550
77397
91636
28391
76764
89419
8000
20358
70629
26981
23540
85222
89392
89626
60137
34659
20071
88623
34702
87525
18083
98021
70394
62529
23018
78296
50358
57788
85530
6477
32587
22345
80456
36143
94336
32300
69532
71965
90818
7937
83149
74461
61647
17214
17755
75312
5733
8132
60587
4017
5024
4967
51445
42825
91654
75896
95289
61684
58687
68462
95365
54610
37751
36339
9612
28087
38412
80157
98940
54179
70206
25629
45928
87757
68707
13981
51360
4679
27042
9560
23776
76964
48651
30708
9142
68844
60053
19333
26383
26240
49713
67203
82382
19498
70016
94812
50659
78271
1593
60691
53708
82215
55126
39279
39543
64639
16918
82953
11677
90446
13331
5481
57318
39630
57322
80098
39105
95242
43997
86482
96275
25068
44249
27311
90585
52383
32103
79590
17830
16890
57518
45736
30180
95515
5878
22426
56985
41927
91457
53396
23052
57628
6579
45855
66739
78109
51180
31790
14502
95979
16841
93355
59827
72057
3304
34591
24684
43279
23773
81073
75905
15773
27167
79573
41985
82761
20751
8608
1058
68903
27353
89692
5810
23428
73570
50298
90250
44771
91093
73958
97283
20627
7411
87527
97065
78170
18833
70503
96086
67732
77792
48344
87914
60605
47053
92004
51464
64561
53430
69414
3515
7471
55111
41354
85116
15861
4730
15078
5312
81360
17703
85247
39470
36947
77291
91054
6188
10482
34235
18058
6613
66323
19645
58041
76590
41904
73158
34195
25838
1901
51152
20287
75943
50076
89086
5803
34578
12141
27726
46857
51979
78850
7250
30491
93214
6198
25847
66154
5337
75971
84603
88470
38004
43928
45017
13969
17567
68747
3616
39263
18131
26336
18611
42081
82410
74361
29608
24890
31616
1807
60808
25176
93959
53039
63126
84168
64581
72214
11014
4640
74103
39051
66720
84542
87134
95725
34995
64472
53339
15244
24153
13602
74842
1932
7614
40360
33849
12583
89855
4166
51560
74613
79898
81705
92450
49905
27185
85612
75104
87219
6822
42095
12797
48863
28815
74829
13003
61946
84047
54539
38955
81766
87273
44975
69359
2965
32484
19456
11203
47778
58477
52908
78515
38150
15434
15225
10716
75706
11813
8973
61074
52399
77677
2799
21464
6314
89055
3523
8471
98392
62733
91681
3473
93917
10190
43346
55138
24362
10217
85271
14311
42670
71970
56888
43965
50238
69970
18378
40416
51825
64731
61928
89590
88223
83390
58413
16646
44864
81797
18106
6738
83682
96178
47541
42168
14263
92524
99468
49621
13897
22387
76829
33546
82338
25802
67897
87134
88049
70504
43152
60673
91380
56560
17136
6354
33505
2961
25402
61898
46061
20584
29749
3579
41263
77285
74263
35475
82808
75727
76213
40906
28133
7800
14582
47209
51624
99285
25019
48094
35995
33586
82124
12911
8565
88133
53456
98217
59232
85108
73219
31050
70834
90903
90453
8327
91170
95709
56606
85699
91215
8276
16660
19167
17120
73904
78465
43666
29302
18196
94651
74624
95358
62153
78451
3427
40758
31555
37898
97470
20127
33542
71230
88227
23530
73671
2952
19608
30525
99565
78812
87460
67785
46610
81935
32829
29837
40936
16695
68239
13988
25159
45275
65814
30668
69121
58613
34721
11365
86017
20341
91897
18972
98006
49392
4606
33699
80495
44361
25821
27804
76906
25219
15903
96185
82811
18782
71485
48386
99836
64330
96844
70804
92764
32984
31432
24843
20731
91904
58567
2429
71355
59989
73570
5677
12048
89689
83941
70636
26663
31569
30373
54833
63935
96635
41644
59917
90045
37914
72567
44937
9895
5567
33381
7787
52437
25753
80024
74064
6640
76668
53847
61973
33361
76579
7388
94098
34557
44298
33815
77666
19902
94388
2666
36554
78975
64444
76475
5549
96749
34088
51770
63423
4166
42804
28877
67060
45074
44459
35776
1405
37765
46298
30126
35101
81849
23345
23383
12603
36037
70532
39667
32184
80868
87454
51825
25526
81185
34479
36814
35690
86563
18940
60220
28984
36617
7432
33371
56738
6405
32655
70123
89227
66876
4972
55979
13855
55461
84727
39757
64402
94645
2505
81548
30443
86399
16870
31182
5185
53028
47637
32910
28712
22023
83578
67396
77160
44033
80402
65555
91594
68128
48094
71107
53293
33934
85147
15065
19810
3231
7829
4682
33604
27961
34576
67638
1090
34513
95607
58515
14851
8492
2242
87794
76230
90992
88906
66801
16836
34678
52516
12164
71474
92771
83000
27483
21664
35192
36795
79962
8426
96900
42631
63848
96044
38530
43510
91514
37457
37161
31645
71023
2480
26053
96169
78980
54323
86848
73719
8381
5940
3695
94491
46118
75455
25327
8089
41581
53324
22032
28403
22733
96148
72968
25948
59752
71849
97135
24422
21158
61599
40721
23882
98068
98179
9395
6698
1916
11515
1420
93529
52702
63882
71262
66758
79408
87763
71623
36346
69913
77562
19557
86708
35265
20257
85517
74140
45752
88760
43825
56448
3731
8076
66248
99770
63650
21453
66880
75144
60194
86498
48682
84159
57861
4746
51500
42014
32736
45433
10443
23542
84529
56105
72941
56187
89337
9473
98765
13572
32859
82200
10705
95174
5076
32501
78475
71717
9648
97222
24761
41210
87489
54603
20175
47070
81166
88248
36126
60530
30908
9724
15406
80511
61129
71002
20509
78304
14451
95302
96378
23825
58281
13090
77457
86816
66995
51822
77562
13235
46800
19568
54155
79116
83275
87036
51207
61452
14551
12412
12857
9201
28970
65282
16586
22167
90921
41251
83596
6495
95411
42136
18535
18654
80722
11426
50622
8151
94252
2357
17590
66841
33432
16253
35754
76453
80265
49843
25780
24052
36752
10030
3569
20353
57101
46050
76889
29286
22225
58184
95126
33916
11645
94110
20740
41699
98426
49592
59637
30193
62346
23593
46820
78694
70951
57964
38302
26809
36623
15643
95285
7769
1222
88847
29201
4294
94248
77936
1172
48017
17840
52599
39959
58927
78288
63695
64376
92946
93976
36428
88605
13619
52022
72712
79681
50003
34069
82329
29804
51130
49910
8098
33931
50978
36807
88507
99407
97620
65518
57220
59128
6162
48141
80641
25990
65337
37003
29051
27025
78934
3835
35057
27833
18954
11538
58886
86526
19169
16795
44667
9498
47836
1788
68144
4936
70624
84165
59249
28964
47264
62322
44726
49895
54196
2947
40433
81983
32396
49564
66133
35526
84720
9647
10448
47111
49497
38676
2312
12128
67684
11160
92501
65576
60692
19473
47962
64463
97050
50933
71354
70930
5306
92258
90726
74444
39041
26128
7460
79167
67536
33179
5530
31785
76582
62280
96739
3736
16995
93510
20005
15932
53779
6706
71811
61641
77418
70936
23705
86304
38587
90657
49330
89544
61526
51751
84606
45691
91585
82956
99700
73581
68858
10569
6079
56341
25486
24619
97299
63305
29082
32918
39330
44050
63819
15717
48042
40938
51059
79854
39977
8318
64887
15454
26869
44883
97700
20451
25281
15382
50957
47221
70503
79164
6378
88796
64207
61673
55293
37119
98559
58229
8446
65850
31292
20013
96454
24206
59859
61312
45100
65316
77054
4621
25007
20439
30530
7271
62663
85362
19360
30711
2551
11088
15226
63599
30019
66837
43030
47263
21714
17097
19572
59028
29767
45339
70578
60271
68514
66642
95659
54932
7334
9271
42859
88518
78246
46891
87191
97429
74109
90737
7053
15691
48797
25706
13617
67904
8347
57914
23212
21409
7030
73776
77337
79353
87392
72269
24337
21436
43656
28437
94820
9752
63475
45733
86693
37186
62728
61177
58238
55382
50144
6716
7836
73288
5680
64562
93943
53779
82066
47570
84560
86785
47546
57084
88866
3767
85761
34886
57728
62289
89766
67182
72714
76739
43526
80733
46706
34124
76739
61423
92514
22115
58590
25720
93868
20281
15018
11592
23867
72693
54257
70499
13373
55752
83798
22199
85004
35280
52590
64066
75199
42523
62098
68627
72464
8827
22896
31017
11124
49324
94810
9931
15008
58980
97040
89586
91150
35903
92483
70042
17094
63732
92373
16115
24549
80422
34518
25845
57999
78623
79802
23328
77533
35246
5180
18413
42445
10650
96266
87505
13226
36217
4552
87359
27307
87848
95659
35453
97439
48200
96368
8072
78740
72189
68975
52890
23426
20466
93347
46337
30820
39281
91196
13599
48627
72226
84459
2561
35548
28997
77201
13485
48065
54357
64245
80630
46783
54013
43742
63413
34912
36162
18117
13119
68468
96907
16229
87424
80395
23681
60284
27378
52230
48276
30883
11728
65041
12893
47693
34699
37181
58038
14525
51577
14950
20858
98166
82610
60538
14854
42015
40892
19579
59598
99597
86002
85373
61371
11141
40273
39238
42294
83906
45603
18598
18693
76469
28752
34277
32090
97108
7049
16030
73285
40428
73420
80668
80579
3677
28530
9105
55235
82688
19789
62446
16755
84113
53778
85608
7554
85555
47527
41237
67028
42324
7879
15477
18961
84970
94909
51821
43566
4285
62161
98564
89318
45339
41135
77456
11060
85068
49153
90887
29659
52258
85374
92426
20698
76188
3358
19769
17507
61886
93141
84022
88916
37894
66346
89918
76888
53503
71404
89930
39230
31818
98395
75289
44244
70536
97528
14735
38215
26125
56696
2346
22178
56069
31916
4004
8430
40081
46861
94030
60701
7619
62003
1170
85857
25674
68216
47538
8432
10711
80924
8172
57147
97703
92152
20762
5923
32519
87031
21580
92759
65482
48502
83963
39046
74607
53084
26654
67768
16065
12718
66017
64123
21546
15770
60560
33930
60639
20317
66345
63243
31941
71900
83713
75290
53489
48862
47343
6930
66121
91417
16946
81399
18693
39459
15915
23123
40559
71077
29992
95963
64441
52541
50447
7116
44759
97442
3468
42458
74636
83394
48303
10931
81171
1525
81352
29035
86177
77717
83700
3274
1376
99243
97644
83774
8076
19175
13532
91033
39616
80521
41698
77081
36318
84720
62507
40974
92390
64687
88422
18814
74098
96144
84653
34108
75691
43517
31314
51417
55864
95149
74069
55868
53137
96060
60067
79135
29295
32893
67484
3064
41026
22104
97178
87121
62132
54790
80986
39280
15100
35920
80799
50988
65501
15024
54982
62158
74534
28632
41787
45120
46142
48070
4260
41743
50438
80356
35667
93787
37691
89168
99728
43833
48899
76970
14971
26891
74920
22534
37154
64008
77328
73134
49179
22895
5576
81791
43040
20774
95649
97933
37207
71233
48247
62851
51419
83019
76615
5266
62176
76271
59374
92280
45203
46680
80258
94852
87921
72635
51339
75846
26402
64353
75272
86468
97445
46438
73268
25795
84316
7238
56834
93801
16298
69744
65954
25058
65522
10621
45167
42021
75588
94306
30050
96414
57272
26831
68845
36969
17081
62402
79443
71334
49614
95338
63638
60543
22629
27319
75445
73034
37348
94446
38414
64698
37863
99794
47225
74935
65645
40751
92379
76150
25878
61467
54616
89575
44920
47301
90674
47660
48384
95172
55204
92684
76305
66145
18129
8533
86522
47602
65360
98939
73801
60693
75670
2689
33316
10673
38609
38633
67963
90098
4680
20430
17483
82632
97485
99261
26694
10549
20334
55777
55050
65731
96783
42762
33500
8212
17683
49999
30011
80022
94861
92929
5279
35203
75013
1701
39975
28569
67385
72202
37509
6809
56768
53596
78525
32159
93675
25883
14401
68882
4047
93825
30754
16294
92552
52481
17369
71081
55470
18457
92196
24046
90347
53700
20902
79408
51921
44535
63099
81069
48464
43315
62685
24214
92468
91782
53786
47832
84647
94938
20551
69613
66464
47846
13536
17881
65870
23401
34606
47980
72627
83714
74225
63691
50484
8276
63618
89976
96611
12638
61675
37404
13031
26760
59511
51282
16353
76732
17435
59537
81886
46925
90550
14964
39224
26067
34464
76439
69604
86092
65562
15174
16754
12937
11905
60077
70660
55805
23278
23598
67471
17613
57955
72453
64951
32667
94637
76846
13111
90749
17505
35706
54236
35021
62645
51724
9258
59286
91049
63712
6397
93240
53125
6059
24155
40490
81050
57743
95197
40098
53450
47511
2236
64484
73749
65489
64907
56494
40098
4569
98658
1395
43113
56503
38987
62501
45620
89652
98842
24006
46405
68876
67700
28508
15354
6995
32824
79502
32577
23710
90312
38933
21994
21783
58922
36711
91457
13678
32302
54760
44824
7663
92004
21950
16441
15755
79711
38906
30239
38629
72397
85336
48167
81903
9531
44144