26618
28527
7513
26981
58940
72662
71316
14212
91272
13449
28379
80491
67530
45035
95973
86914
83456
57714
38793
80194
36629
24125
9831
70743
95504
16152
28872
97489
60437
77544
62800
41485
82159
93830
98799
78234
45139
91982
1461
55332
14975
87582
40903
40625
86132
32788
19110
55422
94199
50393
83022
31581
55241
56504
92151
24343
71836
37033
71013
30728
37993
28144
42140
89066
31342
79120
36073
15848
18781
98773
14472
12557
44151
77528
68236
32397
8488
63656
99480
6040
8976
17809
16189
35439
51893
97063
24442
68633
14592
48047
53310
89112
71940
39458
67792
35851
7543
82307
6529
48474
27686
80689
15500
68204
45981
3600
22441
51342
95516
64406
33432
48859
69573
80044
21771
4470
13920
9796
28159
47113
21190
44610
71103
35180
23955
16406
33504
69144
91823
65652
63495
43292
21156
19599
26826
15279
92905
29124
94378
76976
93526
86943
78815
94758
54031
13145
72861
13854
1888
89569
82285
92712
10729
9352
4347
23490
34706
82300
13263
66862
40765
39183
29081
45093
51162
78077
19351
27145
48159
56027
19022
4057
85104
5994
51141
37254
6879
38904
45184
40695
66161
72977
64195
23828
14901
15085
82316
49256
1103
90894
61846
88775
29082
70835
15572
28094
3287
18647
65831
65937
67058
38179
48558
93598
77739
33545
27522
58112
4101
55377
52872
25220
89214
54974
14272
52128
97653
55509
87058
15727
68305
54196
40115
1479
30958
24357
80576
68519
45418
33785
23863
8731
34028
22480
69202
62624
13195
70017
85339
66694
41853
80168
16977
55728
48702
44238
29265
30077
2587
98683
66603
24332
57468
1024
59072
19129
18144
14963
5906
46916
12183
16654
35627
95462
14395
16698
29785
79687
98648
70202
65663
55066
48942
25449
50743
83287
8276
38296
81405
10242
13133
66233
82919
95561
7252
58318
57656
80918
83806
97732
91240
68237
2144
44607
62368
15584
37915
80063
98089
3121
73556
37947
54437
81854
23043
91746
77622
57183
34143
24388
60261
37328
55447
35321
83616
13598
47074
62188
98294
45302
96121
79760
91497
15651
9734
95429
37636
98502
6058
42596
49917
30061
85290
45583
96398
82845
92674
97451
68042
85120
37387
5090
37360
63969
14072
69357
95406
86715
97105
84732
93200
7989
69626
50060
59995
20130
76954
85332
45275
53718
20046
41209
68938
83196
5514
80110
32748
3343
9913
21111
3930
24161
37031
48689
60546
89276
72354
73462
46302
51396
88030
94585
50424
50659
66314
43217
28337
63761
73803
30701
27156
12768
40634
90537
86254
14281
58312
13128
56588
54276
53878
73450
65979
86440
51854
67292
72090
25119
87591
70682
8584
80234
7548
38234
47656
14447
22475
24787
8056
3826
97479
36589
10667
11877
67645
74527
35743
30403
87060
90525
6082
3047
77936
2141
53659
83593
16956
15706
49557
82184
79950
7951
70497
32562
70628
45071
32770
90176
95303
99448
17009
17624
5315
12961
63952
93380
47254
59782
35133
55986
34063
60899
68390
73139
66687
5340
17999
81971
22075
16055
72414
91747
53124
81811
34708
16836
23502
63202
45127
47328
44232
50899
31521
82042
61469
9691
77892
35885
2022
39643
96835
10555
48928
11751
23337
86472
24679
85960
28094
92579
79649
12149
17394
40230
37739
98865
32517
86778
56431
15004
65626
71785
23042
94518
62277
71879
24364
81306
67849
99201
86682
99034
61523
12246
27692
42414
95843
16502
87884
24690
61380
82781
16632
42605
70611
34488
60517
48999
73807
61251
58201
76435
89499
44297
10699
70759
56966
80921
40880
77479
5152
11987
74671
10044
51468
12064
67702
60732
51094
71086
65910
70785
17649
12740
84067
43716
76416
93851
39181
10347
17755
61906
83374
90086
25867
31720
58954
49301
25677
74763
80293
52279
69333
63189
57413
40275
57616
46900
56238
99499
96469
8072
97988
73578
54821
94626
7386
73074
99015
65912
98119
78998
63285
85562
52297
91997
18037
10991
69691
66956
92040
63382
85968
5163
34110
40192
79359
3923
46420
22284
75900
63636
26212
59667
46680
24767
58458
86556
41494
62937
18829
62079
17785
26463
76275
96342
69850
71205
95549
13859
92022
88315
74118
1463
52795
42722
64135
72743
94765
20619
91423
14902
42726
96128
73862
99533
5357
31439
27038
96297
70570
93351
44607
26856
94871
70894
30512
43557
75951
51061
48979
98364
50132
90151
80056
10466
30384
70173
51470
16616
48227
12021
34583
5853
62076
77702
7420
22644
38422
16841
85970
23710
19636
96018
62288
24895
47203
89037
77402
3348
15808
96282
22489
48066
89882
71569
39468
31456
52005
2608
65832
50036
78970
15149
63364
34664
17257
42266
31284
50893
45277
39913
31360
17956
92880
77920
97612
57779
22409
40957
46420
48066
34924
47756
42127
86026
59147
88912
51588
96674
88273
99992
37577
7832
56877
25474
25557
81043
73906
23084
29914
73443
45047
45561
86539
68436
46708
72685
11484
4568
47325
23494
59320
41408
5847
74111
63875
29535
2920
18405
65154
31854
25593
39896
59437
27369
34275
62761
55869
70399
21109
22717
24261
1829
90054
35684
99321
16491
71573
17709
12088
82095
96152
51482
80091
52306
69676
60007
46447
53593
89157
36565
78062
74309
65355
94008
20011
31204
29469
63653
39246
3096
23288
7695
58944
50824
6033
66950
51025
86857
15530
52028
3743
42999
84370
61710
83662
1560
14310
9206
48844
93138
64368
36345
64751
30742
58862
52365
53996
26510
33027
96012
88964
9467
10823
26962
15171
54028
48111
75323
95249
57851
18559
46932
49524
81525
85395
40635
51358
26228
63455
76378
55653
62026
20972
58039
27352
43829
55032
53357
27179
33239
38814
4007
59450
33574
85433
58049
42416
91236
96521
22340
27380
40332
82625
52342
66617
81062
76984
77850
90108
76753
7374
29648
25091
96763
1389
51932
71579
96533
80833
52465
36176
37040
99775
67957
73870
36718
59301
76009
24842
51531
65081
66136
65869
93391
62496
74928
41433
74436
9403
48292
81396
33856
41392
24918
60811
32979
22886
61703
12373
36184
45474
8762
41913
65927
12467
5912
86457
27700
8956
48103
62479
13149
37408
64219
74247
62801
77308
78977
71475
35953
96329
12214
47973
48174
45147
18916
14449
94663
28179
36573
93296
19299
65348
96156
22866
93694
16353
79002
63593
18833
61899
52229
86146
9348
51658
67037
40892
19303
53953
49646
49262
49815
95618
91866
45982
53776
93269
22476
88828
89492
29648
20780
17231
90579
67755
49674
46745
83971
61398
98364
7333
35851
57646
27690
3030
92899
49739
25062
97453
99518
55617
79282
35574
28766
73222
71050
18075
69398
34287
53659
51457
67898
68254
99313
86911
60587
9438
16657
94784
14707
73449
17513
81214
4063
14280
65347
87273
93085
67313
54882
12650
14240
23803
4224
61611
20487
94221
77185
65573
37931
91042
38892
91310
76075
12352
48528
53331
82936
90793
4877
36562
77992
4028
11541
58985
72220
75112
19992
42345
30623
43624
61205
90550
77397
91636
28391
76764
89419
8000
20358
70629
26981
23540
85222
89392
89626
60137
34659
20071
88623
34702
87525
18083
98021
70394
62529
23018
78296
50358
57788
85530
6477
32587
22345
80456
36143
94336
32300
69532
71965
90818
7937
83149
74461
61647
17214
17755
75312
5733
8132
60587
4017
5024
4967
51445
42825
91654
75896
95289
61684
58687
68462
95365
54610
37751
36339
9612
28087
38412
80157
98940
54179
70206
25629
45928
87757
68707
13981
51360
4679
27042
9560
23776
76964
48651
30708
9142
68844
60053
19333
26383
26240
49713
67203
82382
19498
70016
94812
50659
78271
1593
60691
53708
82215
55126
39279
39543
64639
16918
82953
11677
90446
13331
5481
57318
39630
57322
80098
39105
95242
43997
86482
96275
25068
44249
27311
90585
52383
32103
79590
17830
16890
57518
45736
30180
95515
5878
22426
56985
41927
91457
53396
23052
57628
6579
45855
66739
78109
51180
31790
14502
95979
16841
93355
59827
72057
3304
34591
24684
43279
23773
81073
75905
15773
27167
79573
41985
82761
20751
8608
1058
68903
27353
89692
5810
23428
73570
50298
90250
44771
91093
73958
97283
20627
7411
87527
97065
78170
18833
70503
96086
67732
77792
48344
87914
60605
47053
92004
51464
64561
53430
69414
3515
7471
55111
41354
85116
15861
4730
15078
5312
81360
17703
85247
39470
36947
77291
91054
6188
10482
34235
18058
6613
66323
19645
58041
76590
41904
73158
34195
25838
1901
51152
20287
75943
50076
89086
5803
34578
12141
27726
46857
51979
78850
7250
30491
93214
6198
25847
66154
5337
75971
84603
88470
38004
43928
45017
13969
17567
68747
3616
39263
18131
26336
18611
42081
82410
74361
29608
24890
31616
1807
60808
25176
93959
53039
63126
84168
64581
72214
11014
4640
74103
39051
66720
84542
87134
95725
34995
64472
53339
15244
24153
13602
74842
1932
7614
40360
33849
12583
89855
4166
51560
74613
79898
81705
92450
49905
27185
85612
75104
87219
6822
42095
12797
48863
28815
74829
13003
61946
84047
54539
38955
81766
87273
44975
69359
2965
32484
19456
11203
47778
58477
52908
78515
38150
15434
15225
10716
75706
11813
8973
61074
52399
77677
2799
21464
6314
89055
3523
8471
98392
62733
91681
3473
93917
10190
43346
55138
24362
10217
85271
14311
42670
71970
56888
43965
50238
69970
18378
40416
51825
64731
61928
89590
88223
83390
58413
16646
44864
81797
18106
6738
83682
96178
47541
42168
14263
92524
99468
49621
13897
22387
76829
33546
82338
25802
67897
87134
88049
70504
43152
60673
91380
56560
17136
6354
33505
2961
25402
61898
46061
20584
29749
3579
41263
77285
74263
35475
82808
75727
76213
40906
28133
7800
14582
47209
51624
99285
25019
48094
35995
33586
82124
12911
8565
88133
53456
98217
59232
85108
73219
31050
70834
90903
90453
8327
91170
95709
56606
85699
91215
8276
16660
19167
17120
73904
78465
43666
29302
18196
94651
74624
95358
62153
78451
3427
40758
31555
37898
97470
20127
33542
71230
88227
23530
73671
2952
19608
30525
99565
78812
87460
67785
46610
81935
32829
29837
40936
16695
68239
13988
25159
45275
65814
30668
69121
58613
34721
11365
86017
20341
91897
18972
98006
49392
4606
33699
80495
44361
25821
27804
76906
25219
15903
96185
82811
18782
71485
48386
99836
64330
96844
70804
92764
32984
31432
24843
20731
91904
58567
2429
71355
59989
73570
5677
12048
89689
83941
70636
26663
31569
30373
54833
63935
96635
41644
59917
90045
37914
72567
44937
9895
5567
33381
7787
52437
25753
80024
74064
6640
76668
53847
61973
33361
76579
7388
94098
34557
44298
33815
77666
19902
94388
2666
36554
78975
64444
76475
5549
96749
34088
51770
63423
4166
42804
28877
67060
45074
44459
35776
1405
37765
46298
30126
35101
81849
23345
23383
12603
36037
70532
39667
32184
80868
87454
51825
25526
81185
34479
36814
35690
86563
18940
60220
28984
36617
7432
33371
56738
6405
32655
70123
89227
66876
4972
55979
13855
55461
84727
39757
64402
94645
2505
81548
30443
86399
16870
31182
5185
53028
47637
32910
28712
22023
83578
67396
77160
44033
80402
65555
91594
68128
48094
71107
53293
33934
85147
15065
19810
3231
7829
4682
33604
27961
34576
67638
1090
34513
95607
58515
14851
8492
2242
87794
76230
90992
88906
66801
16836
34678
52516
12164
71474
92771
83000
27483
21664
35192
36795
79962
8426
96900
42631
63848
96044
38530
43510
91514
37457
37161
31645
71023
2480
26053
96169
78980
54323
86848
73719
8381
5940
3695
94491
46118
75455
25327
8089
41581
53324
22032
28403
22733
96148
72968
25948
59752
71849
97135
24422
21158
61599
40721
23882
98068
98179
9395
6698
1916
11515
1420
93529
52702
63882
71262
66758
79408
87763
71623
36346
69913
77562
19557
86708
35265
20257
85517
74140
45752
88760
43825
56448
3731
8076
66248
99770
63650
21453
66880
75144
60194
86498
48682
84159
57861
4746
51500
42014
32736
45433
10443
23542
84529
56105
72941
56187
89337
9473
98765
13572
32859
82200
10705
95174
5076
32501
78475
71717
9648
97222
24761
41210
87489
54603
20175
47070
81166
88248
36126
60530
30908
9724
15406
80511
61129
71002
20509
78304
14451
95302
96378
23825
58281
13090
77457
86816
66995
51822
77562
13235
46800
19568
54155
79116
83275
87036
51207
61452
14551
12412
12857
9201
28970
65282
16586
22167
90921
41251
83596
6495
95411
42136
18535
18654
80722
11426
50622
8151
94252
2357
17590
66841
33432
16253
35754
76453
80265
49843
25780
24052
36752
10030
3569
20353
57101
46050
76889
29286
22225
58184
95126
33916
11645
94110
20740
41699
98426
49592
59637
30193
62346
23593
46820
78694
70951
57964
38302
26809
36623
15643
95285
7769
1222
88847
29201
4294
94248
77936
1172
48017
17840
52599
39959
58927
78288
63695
64376
92946
93976
36428
88605
13619
52022
72712
79681
50003
34069
82329
29804
51130
49910
8098
33931
50978
36807
88507
99407
97620
65518
57220
59128
6162
48141
80641
25990
65337
37003
29051
27025
78934
3835
35057
27833
18954
11538
58886
86526
19169
16795
44667
9498
47836
1788
68144
4936
70624
84165
59249
28964
47264
62322
44726
49895
54196
2947
40433
81983
32396
49564
66133
35526
84720
9647
10448
47111
49497
38676
2312
12128
67684
11160
92501
65576
60692
19473
47962
64463
97050
50933
71354
70930
5306
92258
90726
74444
39041
26128
7460
79167
67536
33179
5530
31785
76582
62280
96739
3736
16995
93510
20005
15932
53779
6706
71811
61641
77418
70936
23705
86304
38587
90657
49330
89544
61526
51751
84606
45691
91585
82956
99700
73581
68858
10569
6079
56341
25486
24619
97299
63305
29082
32918
39330
44050
63819
15717
48042
40938
51059
79854
39977
8318
64887
15454
26869
44883
97700
20451
25281
15382
50957
47221
70503
79164
6378
88796
64207
61673
55293
37119
98559
58229
8446
65850
31292
20013
96454
24206
59859
61312
45100
65316
77054
4621
25007
20439
30530
7271
62663
85362
19360
30711
2551
11088
15226
63599
30019
66837
43030
47263
21714
17097
19572
59028
29767
45339
70578
60271
68514
66642
95659
54932
7334
9271
42859
88518
78246
46891
87191
97429
74109
90737
7053
15691
48797
25706
13617
67904
8347
57914
23212
21409
7030
73776
77337
79353
87392
72269
24337
21436
43656
28437
94820
9752
63475
45733
86693
37186
62728
61177
58238
55382
50144
6716
7836
73288
5680
64562
93943
53779
82066
47570
84560
86785
47546
57084
88866
3767
85761
34886
57728
62289
89766
67182
72714
76739
43526
80733
46706
34124
76739
61423
92514
22115
58590
25720
93868
20281
15018
11592
23867
72693
54257
70499
13373
55752
83798
22199
85004
35280
52590
64066
75199
42523
62098
68627
72464
8827
22896
31017
11124
49324
94810
9931
15008
58980
97040
89586
91150
35903
92483
70042
17094
63732
92373
16115
24549
80422
34518
25845
57999
78623
79802
23328
77533
35246
5180
18413
42445
10650
96266
87505
13226
36217
4552
87359
27307
87848
95659
35453
97439
48200
96368
8072
78740
72189
68975
52890
23426
20466
93347
46337
30820
39281
91196
13599
48627
72226
84459
2561
35548
28997
77201
13485
48065
54357
64245
80630
46783
54013
43742
63413
34912
36162
18117
13119
68468
96907
16229
87424
80395
23681
60284
27378
52230
48276
30883
11728
65041
12893
47693
34699
37181
58038
14525
51577
14950
20858
98166
82610
60538
14854
42015
40892
19579
59598
99597
86002
85373
61371
11141
40273
39238
42294
83906
45603
18598
18693
76469
28752
34277
32090
97108
7049
16030
73285
40428
73420
80668
80579
3677
28530
9105
55235
82688
19789
62446
16755
84113
53778
85608
7554
85555
47527
41237
67028
42324
7879
15477
18961
84970
94909
51821
43566
4285
62161
98564
89318
45339
41135
77456
11060
85068
49153
90887
29659
52258
85374
92426
20698
76188
3358
19769
17507
61886
93141
84022
88916
37894
66346
89918
76888
53503
71404
89930
39230
31818
98395
75289
44244
70536
97528
14735
38215
26125
56696
2346
22178
56069
31916
4004
8430
40081
46861
94030
60701
7619
62003
1170
85857
25674
68216
47538
8432
10711
80924
8172
57147
97703
92152
20762
5923
32519
87031
21580
92759
65482
48502
83963
39046
74607
53084
26654
67768
16065
12718
66017
64123
21546
15770
60560
33930
60639
20317
66345
63243
31941
71900
83713
75290
53489
48862
47343
6930
66121
91417
16946
81399
18693
39459
15915
23123
40559
71077
29992
95963
64441
52541
50447
7116
44759
97442
3468
42458
74636
83394
48303
10931
81171
1525
81352
29035
86177
77717
83700
3274
1376
99243
97644
83774
8076
19175
13532
91033
39616
80521
41698
77081
36318
84720
62507
40974
92390
64687
88422
18814
74098
96144
84653
34108
75691
43517
31314
51417
55864
95149
74069
55868
53137
96060
60067
79135
29295
32893
67484
3064
41026
22104
97178
87121
62132
54790
80986
39280
15100
35920
80799
50988
65501
15024
54982
62158
74534
28632
41787
45120
46142
48070
4260
41743
50438
80356
35667
93787
37691
89168
99728
43833
48899
76970
14971
26891
74920
22534
37154
64008
77328
73134
49179
22895
5576
81791
43040
20774
95649
97933
37207
71233
48247
62851
51419
83019
76615
5266
62176
76271
59374
92280
45203
46680
80258
94852
87921
72635
51339
75846
26402
64353
75272
86468
97445
46438
73268
25795
84316
7238
56834
93801
16298
69744
65954
25058
65522
10621
45167
42021
75588
94306
30050
96414
57272
26831
68845
36969
17081
62402
79443
71334
49614
95338
63638
60543
22629
27319
75445
73034
37348
94446
38414
64698
37863
99794
47225
74935
65645
40751
92379
76150
25878
61467
54616
89575
44920
47301
90674
47660
48384
95172
55204
92684
76305
66145
18129
8533
86522
47602
65360
98939
73801
60693
75670
2689
33316
10673
38609
38633
67963
90098
4680
20430
17483
82632
97485
99261
26694
10549
20334
55777
55050
65731
96783
42762
33500
8212
17683
49999
30011
80022
94861
92929
5279
35203
75013
1701
39975
28569
67385
72202
37509
6809
56768
53596
78525
32159
93675
25883
14401
68882
4047
93825
30754
16294
92552
52481
17369
71081
55470
18457
92196
24046
90347
53700
20902
79408
51921
44535
63099
81069
48464
43315
62685
24214
92468
91782
53786
47832
84647
94938
20551
69613
66464
47846
13536
17881
65870
23401
34606
47980
72627
83714
74225
63691
50484
8276
63618
89976
96611
12638
61675
37404
13031
26760
59511
51282
16353
76732
17435
59537
81886
46925
90550
14964
39224
26067
34464
76439
69604
86092
65562
15174
16754
12937
11905
60077
70660
55805
23278
23598
67471
17613
57955
72453
64951
32667
94637
76846
13111
90749
17505
35706
54236
35021
62645
51724
9258
59286
91049
63712
6397
93240
53125
6059
24155
40490
81050
57743
95197
40098
53450
47511
2236
64484
73749
65489
64907
56494
40098
4569
98658
1395
43113
56503
38987
62501
45620
89652
98842
24006
46405
68876
67700
28508
15354
6995
32824
79502
32577
23710
90312
38933
21994
21783
58922
36711
91457
13678
32302
54760
44824
7663
92004
21950
16441
15755
79711
38906
30239
38629
72397
85336
51464
10619
86571
17919
73493
80225
18903
22441
6688
78049
80347
30083
18683
6967
39297
11861
39023
21342
68995
74700
1745
96183
92171
67289
77900
30849
58073
74041
78591
45766
59853
89576
12139
93705
99135
17947
26351
11402
33242
85178
33586
11515
7100
57602
74410
75329
80178
54076
44003
28055
56036
90245
1251
56154
75123
92771
3553
99731
33318
41780
71817
80840
51492
50671
54883
24319
95911
98965
87775
87768
77749
82954
73612
94256
66243
68640
74867
18501
69121
2707
3776
84472
66911
36190
18262
5635
70530
12954
84509
52545
72183
65200
41583
86878
86113
77854
99003
18683
38049
70979
74007
89248
40410
68179
68560
72788
20280
35439
54632
55016
85112
68874
87249
5628
11743
62488
65017
21790
4932
63287
86484
60866
46940
94915
3555
72869
64997
15376
46561
73463
57506
29453
24114
14762
23823
9993
8934
26722
76151
1478
16093
43507
89777
37043
59795
35971
25267
41527
90840
24160
99582
20104
84227
68661
34188
13605
5065
81627
53256
21842
5997
32380
75832
76967
30700
77684
16583
88275
64768
95055
15203
56822
63343
28851
99952
10721
14259
37339
97985
94178
23228
79499
59198
2010
10688
25970
51206
19744
73381
55317
68781
41274
45496
73575
41713
69622
95370
33039
84417
22387
48168
29221
30924
41216
65833
21064
88006
93899
37696
87703
29089
51568
31695
38349
67487
9006
22963
48327
15059
46063
89738
22716
93940
90925
70105
33718
94268
81208
8940
14471
91069
8685
88634
57897
7421
63936
39776
95947
5915
97234
1867
15647
97133
30621
24357
87378
25394
80366
1966
6933
23455
93777
84113
14242
13021
78845
20610
43873
58080
1103
48409
9941
37940
98767
46106
93545
10650
58378
59297
25469
32087
60997
71486
48619
72436
44340
60271
39454
2118
81261
66871
34588
66344
96555
59752
1711
69443
42199
97153
2110
52004
47942
15666
55185
32470
97478
37782
52716
12397
54415
93331
21925
50931
10764
49213
99901
36264
32837
93524
34483
17874
9146
25284
66357
59276
7242
40446
60865
60690
14329
17598
60865
33694
21015
82957
55921
83274
79663
98668
3099
35002
79485
65279
21819
48185
34849
32401
70361
36737
18127
39072
76984
49400
27885
36188
98003
99505
8335
43556
63632
43018
15573
82660
50056
61903
61440
79096
30802
19026
40669
64888
38321
23845
84441
36408
83514
35984
89502
5589
75931
66502
85652
61330
93424
60218
31622
10614
73153
53843
54195
77793
88153
70901
68826
87766
13941
88523
52057
87432
82130
26103
66599
75742
78497
41574
92150
18002
17617
2689
26843
51751
6850
65144
93571
95511
14296
55650
25418
27083
92233
62266
32026
66738
61545
60228
41858
41680
79735
72378
32101
78562
94299
22960
34314
11513
91526
91079
73835
6262
32134
85458
43559
93286
2648
45359
99792
86712
78955
63571
35622
78781
52134
76267
46596
94125
21421
72255
9380
18876
53966
18763
42603
62795
51014
49271
29186
45027
42148
62230
48174
41961
16355
74565
65340
53766
60885
45866
21758
55754
76192
40926
45004
43497
3641
15957
36707
79865
6161
28297
45861
36650
33597
43740
95549
69364
80240
85818
94602
29957
63740
99350
7149
96840
37501
31480
47071
44431
66635
10080
13980
90775
94571
2989
51632
74305
38609
50931
10417
74820
68925
43182
43086
55996
51877
67178
68793
51391
28909
97117
6214
2882
60862
3447
64639
83765
70116
40689
99771
80435
44728
85522
78321
66563
10507
78372
53496
24991
3882
14856
8012
85333
19426
90447
47480
7223
45962
25543
21716
13605
52379
98815
60948
17096
29565
45195
35767
89624
47212
85266
48284
19838
40736
56990
95029
81647
90100
93787
57890
88245
31976
32841
89729
21501
81451
88285
28170
38332
47273
10444
40633
65798
40634
51819
9748
1164
6432
20659
30998
38982
35162
46198
3723
22355
26708
91476
76523
29138
31711
74555
16539
72584
7496
84532
51223
66207
90119
10245
65799
95126
99610
35924
9950
6042
59246
78182
94090
38230
42388
14780
84988
75480
37343
23459
69656
42849
29660
22831
49928
83316
13298
76873
82478
90043
48317
86969
54796
78887
99912
20681
71092
21085
4011
28498
2081
17659
23079
8741
28221
76074
3236
1599
8173
76986
20532
87833
73045
42573
86809
47187
63359
22965
81496
44814
99676
80601
21505
2189
97361
14066
27435
40949
23175
77990
78373
39951
98099
4925
87745
44504
85178
57922
87974
63241
55126
86497
65044
57482
12941
27173
27564
57115
18950
64472
60444
88101
8416
54368
73992
68589
97171
67630
11941
33354
34637
6284
60802
88875
35148
42541
75809
56779
29527
78001
84827
39643
33646
74793
44632
91279
38925
10426
72262
89551
25646
36655
79373
91605
77427
61516
99003
67016
5282
55849
8594
12848
45344
90203
17734
26963
66605
57842
16746
1066
54874
66847
38059
94032
22607
24833
24127
19872
58294
2738
69654
6457
83732
65360
35928
42612
71756
87961
19228
96632
40786
7161
99490
83485
36008
69636
88797
24053
64985
32764
18649
58695
63115
95364
48522
16156
25556
40913
87833
87514
61002
24390
46144
91244
91119
94792
74262
85837
29398
74796
94752
88518
59772
85693
37423
4607
68501
56751
58417
87918
35602
32560
65680
11201
57440
10630
98949
35263
45056
86561
93667
35630
73354
44530
86776
85930
72377
27611
97853
9176
72676
61474
67721
37022
38053
44537
2411
68807
53921
91365
41188
4802
60981
61258
38282
25471
65084
86460
3008
73833
82789
44190
46058
92147
37444
43922
42969
35065
36521
87771
99093
41225
46364
56743
14776
57871
83638
89782
95956
24612
40404
18061
3980
96729
72010
40878
55131
77625
84834
15700
72106
16051
65394
96504
97589
5561
12346
3437
57009
65398
57545
20099
18619
89537
71572
33321
36222
75022
77950
86281
58065
3944
30696
81062
5801
23522
39857
13396
47843
94650
59276
6301
24927
1045
92073
43643
80387
83767
4053
16302
22280
91285
82703
96649
25392
92630
35366
46338
68956
27264
34801
75186
98022
88311
22463
58846
66413
84618
93624
70458
53431
21788
69804
21118
99747
47858
13930
31090
52268
79623
18170
29093
58261
39867
62547
68775
29527
99755
95155
79514
21137
99579
88116
24223
66903
97757
73357
7521
59689
70589
68758
10843
36510
13673
61369
32468
13469
2181
28074
15316
75636
81283
38353
3480
20249
1980
6710
24982
11879
78400
19807
15089
30618
88238
9396
97713
40846
97561
93835
38946
27727
20451
70210
12678
33254
56215
86983
4437
24435
2834
9460
46189
21117
41264
29497
3723
23860
11827
64439
85512
81368
43553
40541
24512
55115
77664
36951
60353
38068
38683
60718
24594
24719
13697
70345
43401
23101
9234
81972
97942
39969
81993
55489
79117
88964
23271
64684
11916
4261
49389
35881
22676
62062
13715
43543
92869
81134
53031
46860
91742
57637
16967
57515
17177
84552
86090
26600
86474
23209
69851
58978
9533
35678
87169
65353
9957
68187
77771
80862
64985
92154
67597
96115
93955
95013
90660
74350
63064
60646
32620
35701
41656
43985
62084
42481
4019
15178
71207
23895
95849
9663
72616
30716
17956
4502
23938
37134
31662
6459
43314
55297
20428
24517
44245
58939
18824
76828
68939
74977
1759
70511
26926
34023
96076
74184
50234
37437
81171
9726
60728
45788
74180
61433
2401
56470
75458
29515
27425
92649
25684
13753
65610
8755
39814
65093
58662
51401
59357
14011
60151
41793
95052
1652
22506
44560
81961
74957
37590
44331
58280
94360
97482
67388
76788
34074
37034
16352
12840
84473
61526
32046
67123
90737
52349
33449
8029
68622
96125
25087
46552
6037
52947
10152
73903
64985
89592
5211
83779
59450
24501
85560
78216
95894
91237
74014
42374
50188
20681
4303
66276
57115
38892
2154
63632
80915
43775
48722
66268
54834
75026
84152
15429
55187
91796
63770
50332
35085
19435
73757
94780
91754
41439
71026
73437
30155
56241
5603
44485
24626
50987
52844
42858
94213
64658
1574
13065
43527
14009
76494
80781
15182
96793
46102
72864
99123
84487
71851
91337
3619
75424
46333
89024
78166
61694
85964
39109
20096
76514
22870
72726
6449
1955
80582
94914
80369
11920
4532
87883
57187
93125
46450
27368
41331
27550
17337
92180
68225
30399
44964
15583
68515
85926
87653
19155
78214
37826
10493
33980
40654
97894
6215
36721
50629
61591
62458
34057
32570
12971
10470
51297
48277
21967
21979
4628
82397
94544
3425
26484
66673
75509
20679
6838
47891
46896
99976
36934
46422
61861
54946
7994
84368
41821
69386
91833
15506
7280
26759
56000
24484
84273
19397
84179
40094
17731
54868
73947
23927
22299
39145
48760
83272
97148
72934
64150
10727
56237
7833
45506
93831
55241
32923
50668
54734
42889
8883
98625
77997
89932
76861
5108
36510
73189
31985
52708
30738
80281
64738
25247
88651
74547
46261
23703
24036
6517
49169
70778
40292
74895
67498
68431
81264
77521
45114
70206
80327
18130
65125
97072
85549
61854
41737
49710
28578
25464
74412
87772
93762
16223
40236
58485
73950
41883
13068
93310
66523
75950
25205
85881
22315
9720
13205
49463
29350
65818
98861
91374
61655
53060
25349
13526
21846
11401
42211
95154
37701
82455
49962
1119
8560
81735
66980
4890
99111
36189
99667
99217
48909
3914
91868
66949
51916
19069
10126
73071
58287
94008
49475
83115
34774
20468
34279
85435
2266
34352
91958
13612
3271
7106
11373
13260
4516
66129
83242
57964
90304
22800
75001
19794
71825
83783
67369
12980
73275
51160
48087
15720
55364
62675
61302
8924
64652
15962
43529
23796
96087
29048
20256
96646
13114
21683
61932
21121
44891
83186
56392
44225
82321
70419
65645
35976
35932
21338
26432
33421
39059
1174
53044
13895
60227
7810
4535
99969
64280
26258
77763
81380
74440
11279
13494
47506
79283
86251
83318
78439
26472
1218
85091
5702
50065
31784
42333
27858
95260
54035
62174
45845
94598
91116
23303
65878
80902
38261
64786
63952
34532
18223
30606
66689
74019
57918
92422
77195
37613
92902
82205
9919
3962
85905
31226
15183
61789
41089
24245
86028
46280
16011
72725
92384
93807
86412
91491
54272
33557
99924
90393
1739
31784
52667
79303
65672
97535
77308
10149
45272
66020
84736
66604
40136
43128
83852
67606
16205
61077
46146
11042
57661
28744
11849
67617
86914
30864
22267
17278
90281
4027
61697
53490
61730
61266
26883
35125
99190
33922
99396
65908
11412
39550
4592
45964
61181
98689
13923
62397
83803
69588
58304
38649
8355
63261
26084
3903
81984
1633
63775
90852
90736
39080
24181
40825
19968
94185
35943
5535
3224
99297
95622
62546
19712
98179
62526
56013
14064
15962
92316
77315
17001
18539
31117
61788
15723
9625
52468
43041
65505
90840
93761
81133
72869
61432
59122
71321
73023
10579
65737
91090
26852
15655
21551
70784
6750
51361
39038
10360
96873
52259
88375
98570
45067
99947
60759
59267
86729
44905
49977
40517
79175
85993
18395
89753
77840
7521
72610
37393
71603
61937
7766
8102
68948
95342
82263
30220
31393
94331
98058
71839
7660
37025
91175
89549
73495
53608
17193
65008
99774
77267
22575
50227
64666
8064
97547
43773
20015
89025
89033
67013
65926
71553
94685
23050
28651
73244
32484
68080
34352
64153
40666
58606
93111
41733
13837
68262
43758
62843
91088
25834
68543
75562
24724
61603
31557
72912
12882
5155
55992
89125
64767
19526
83846
45642
73590
30738
81587
42755
85475
50719
18492
7521
68583
62986
46929
84531
13610
11531
20801
90982
78482
80007
34587
27651
92643
58489
52016
83452
39729
9987
87375
69530
23632
95217
32711
17208
87067
43201
89820
30477
64665
50880
55890
80307
87391
6069
9000
57630
45684
80932
8290
34598
76204
68502
83666
22493
2318
3772
82228
34586
65671
31449
80303
13243
19085
83621
21998
13644
93981
10368
26572
90681
65042
47690
22639
75862
24514
9058
6286
75454
35768
81480
85599
99503
14038
61054
89833
59968
42271
46763
6584
49877
19907
66540
13724
86081
22172
22596
17669
49108
8015
61473
29691
28503
50282
47419
51413
67064
72956
96366
12481
55528
77416
34074
74561
13471
3642
15931
78278
83465
29056
62314
3614
45972
30359
49546
50426
31937
32221
90133
16302
42623
58968
78206
83858
38916
68640
30978
18763
83122
68767
22456
32407
17124
60097
79689
22963
45744
19216
58477
18915
37208
30534
6707
45663
15776
11519
87264
39807
77811
14294
25921
45956
57949
89792
84629
24552
83421
97583
25175
47188
9122
81283
14452
13171
8654
15016
12311
19791
71252
97912
91389
40720
47343
24876
1278
17328
39381
69061
25972
35407
81565
59389
62668
92788
73188
66384
67835
61768
83509
12174
99717
41931
5328
38101
54471
77063
59815
89696
24632
35222
45610
70009
23754
76820
33761
79326
44794
56642
22736
38187
33153
45179
90450
74378
1161
52432
72151
18133
21354
41475
39870
73216
91962
44545
60232
67811
77727
86209
59480
52289
92491
48167
81903
9531
44144
54078
31899
91003
94891
38218
55879
12012
35943
94188
41511
45889
50312
13635
74596
98008
3926
24138
58771
64213
47673
90159
21716
48383
54054
67084
32824