94043
36908
33340
63229
67669
35795
67049
1956
97496
75343
71623
62862
34084
93817
10492
12774
80649
50943
47933
22053
55863
82445
11552
13221
97370
69911
46307
22270
17835
89472
53478
58239
44393
29047
7585
2952
69231
14974
37264
11295
88971
96523
23629
49112
27379
78290
45645
75783
43746
50602
39439
41649
56112
36977
31429
38860
48252
86284
66509
73795
90123
86572
95380
79025
90123
81583
55459
91819
55261
98745
68552
73436
81916
81892
85758
14915
88530
18194
9790
8775
56149
33677
70096
29916
85263
6364
85808
65166
65939
90433
76718
88236
4737
33830
9034
56424
96336
66638
21774
33187
14223
33934
15170
13677
19260
6170
82492
28598
71197
72030
41122
61130
45640
94387
38734
93354
53239
9396
25758
34484
74115
48842
32257
46275
84842
46689
23674
10324
23449
29362
10705
2498
42138
91499
34886
68459
92514
83933
98182
3241
13286
77371
72152
10023
15447
22615
99922
58617
52010
20366
22342
75859
67392
52464
36411
26895
61550
10011
71051
71443
66899
56150
62976
65364
77001
59212
9375
71411
70895
74766
36669
36699
50807
59494
23554
60427
47823
26012
7018
41479
52891
13642
48893
49956
96323
79751
60925
15266
39668
49587
41158
57187
29582
68620
55789
16395
53953
41115
78384
50156
41228
98186
96665
83372
59484
71766
22757
86842
35365
90847
63994
50536
24582
32987
81043
9749
79163
81450
87251
32400
3177
38391
62696
62275
6071
38340
23520
34791
85206
93709
10626
55873
83581
87302
83865
46730
14110
60772
53286
87794
31104
60604
22989
11675
75970
87624
24506
91942
34389
90134
74550
91547
38464
18589
16287
84102
2557
28303
8151
77676
70706
84898
84450
17587
70654
59225
34833
94590
75662
53198
24855
71074
29318
36340
85622
15277
29670
73061
63610
37149
40961
57493
51443
80339
87305
54296
62450
68851
76555
61152
33455
90178
26563
72684
13231
17234
85922
14236
73619
9127
10149
70464
66214
62729
68121
9778
48055
93180
10326
13657
44572
21827
25337
13376
34504
63694
21599
10079
6311
81368
6355
12154
4935
42270
42216
15612
73537
94461
74518
57696
95135
46660
18233
68102
50736
41804
59783
16163
54806
20385
67653
32944
71532
29949
68242
51572
70513
17455
39856
47222
73078
4770
74227
21930
30511
89353
64353
2967
80026
76176
13881
51708
67278
40162
5577
97894
37762
97832
41809
14859
90304
32524
22232
51691
38332
41438
43173
43353
6455
81799
98423
55723
25248
56817
92369
42926
72955
64588
2587
14710
68106
24856
10141
83534
60808
11540
65960
98746
45695
19074
56768
91703
89210
83064
29060
5727
76049
47340
71675
68761
76268
47369
60470
2057
86591
44023
37612
4641
23077
84987
57874
3182
11339
18604
23257
67753
6965
16657
98130
9329
47844
93518
56867
92100
71469
16266
76845
88516
35270
89759
13347
80643
27342
54188
67728
4683
9849
26526
17874
3604
94665
93240
85682
98543
58600
54943
12912
66181
73853
15103
41414
4453
92010
53607
31280
70879
5129
61899
7047
28460
82127
29528
69613
88444
53768
28293
45966
38298
50222
17704
65356
23095
56165
18307
72915
46964
3971
78376
10146
38527
77551
61715
37084
63203
48836
25742
59226
73893
89900
67697
52682
73989
32074
31649
26231
69743
71338
34141
27227
58843
82571
5539
53499
73625
71124
59751
45582
59579
68411
32691
15753
13810
6998
27852
20453
56819
77898
19518
90795
43367
75461
43570
15859
23364
94422
85459
5561
5540
7292
57753
1812
54265
30392
97737
34685
61159
78375
6820
1221
3173
23151
37012
22414
88522
78614
40423
30743
59328
29545
35715
49524
45001
89529
37566
54083
61255
57611
44567
55580
39297
15822
12609
92014
21018
22539
97587
8689
76093
87971
67287
64068
1629
20852
91603
61591
53539
23670
54646
50685
88929
59495
1040
58725
24817
5667
36576
6299
36056
83251
87530
60644
66721
25313
67304
57598
64327
79680
94587
12882
13977
6873
38028
70971
72122
65513
6419
77164
35785
83418
45584
68888
72119
80176
24620
98566
85767
23845
89800
30685
48957
39891
15282
73006
43307
3349
7934
14036
28184
23523
89803
39181
12998
83389
84366
73076
83062
2120
47418
21822
75649
48960
26409
67938
30579
28819
85241
83890
96073
87752
60950
79203
77763
49560
58314
75077
19623
48459
11254
86497
41116
4785
41986
74754
25195
89354
59146
70233
33789
26061
23606
77206
26140
8876
91430
37259
94808
61302
40336
65799
15336
19856
98218
89888
21462
69039
25600
63443
3352
11616
56568
88565
96687
65904
37444
68468
6441
12073
34581
67176
62019
29270
81846
7788
70807
32597
87859
10726
47496
77741
55737
61980
47385
77221
39978
5900
66546
89896
62277
58631
44076
33487
55378
17739
54750
25507
88649
21096
32169
78007
66826
55441
80037
60142
41406
24524
78400
76525
5339
30018
79666
64832
70153
10779
25874
47061
33252
17320
88078
66262
46075
40619
45814
17431
5787
80659
63465
80636
56609
1266
41845
9204
84319
20037
29641
16180
40271
89236
71282
13912
93218
33727
86550
66949
76420
47033
12636
50059
87919
35690
65513
65367
97495
8105
99314
18249
72639
50084
16046
47704
92987
87167
4194
86494
97868
69866
62836
54409
18189
35750
25592
85484
12560
68220
77222
82981
31489
10640
29785
81421
51670
84314
28269
46816
25734
62522
47086
61684
98420
32636
22272
14224
17958
35991
8177
59415
39478
97895
54279
36523
16482
12792
92163
87810
91936
28241
14979
86926
88170
68896
14560
71692
5724
20303
26042
62622
86373
21796
63197
87665
29905
73278
13743
25268
9835
67151
81716
60910
21946
60077
29475
87797
7591
60624
50175
71433
33926
16278
78478
73236
59617
76562
95933
71320
91287
73371
24880
85982
80794
48870
69800
17312
72557
81546
66888
91690
32430
86220
35168
61756
29186
81022
23718
91734
46387
9432
72580
73737
22407
33663
56609
27908
96577
49697
4954
63960
63755
23377
25998
62812
64367
17962
69430
42683
77670
79534
57720
25090
79169
22635
22553
42754
27323
89416
64789
1480
50221
95470
31255
74576
72572
92438
55133
23328
3373
70237
93857
2543
59686
85629
11352
87025
89378
93582
7039
50272
43273
78630
34344
89538
45960
93160
38529
92668
1521
72195
81396
76976
98729
17945
14922
75647
98694
54955
40064
40862
63657
17315
3902
68084
2500
38921
12952
6560
71701
47294
52783
59259
45772
79995
20214
94033
24814
1070
34115
35901
17572
56464
34372
57857
65386
99661
79808
6613
6659
92242
98798
16200
9885
16345
30990
62242
22943
61335
8940
44169
78237
84239
18562
90509
97349
99799
40139
93728
28203
41122
57171
74949
11228
17168
72618
44116
65810
96406
25056
51977
9235
78108
32995
8449
96575
21846
40996
12634
13297
6783
42400
56936
45082
11388
86307
60318
28110
21203
72040
26893
35180
51242
21620
71568
97291
7512
20797
15503
39812
11090
83895
12707
75092
97000
65214
96975
20283
19018
92884
10898
97339
92309
67935
8565
15467
14564
76018
94918
85984
65096
23456
69640
62247
71987
95426
40725
12440
17135
79780
68686
51206
41641
55544
78610
95576
85616
85292
5994
42358
52073
96548
75501
36049
26125
20980
70413
6425
74207
25552
77723
76367
97572
29805
25378
60967
40741
24315
75279
67824
53027
66836
85151
18357
58638
45883
41453
76233
93258
10475
40921
57423
79308
89418
39300
44077
41417
10878
54259
98231
98883
3165
13324
11520
51167
84387
26046
38334
5672
64260
97417
47393
47202
66583
17857
63489
97703
44861
17843
56079
71943
71306
69456
72621
50935
42811
55860
46945
73885
43694
57848
53569
83555
43792
20248
91722
73847
89138
70069
3888
67431
57695
30842
11982
86121
17677
4650
94735
84641
23664
8846
51625
87265
33244
12429
18604
11656
89028
41506
52010
53040
66787
46159
50471
94594
11092
51444
18157
9731
29143
80080
40581
48604
19499
96710
39149
70857
17258
11406
6941
80330
56621
78363
25647
58994
27064
62396
80277
29995
80206
33145
49177
20249
38125
51445
53992
81544
78236
35544
13575
92586
72892
84390
4392
78917
54719
45312
86758
95022
56145
93946
6226
55360
71874
61252
78711
21444
17971
35975
62287
53366
62918
75818
35352
73536
20362
2007
4634
10637
45437
42854
85676
80048
4282
27201
40696
17184
4043
95520
79313
55433
75780
90684
68278
85424
22786
88206
71441
12577
91495
37946
66264
84910
84526
36015
63660
40120
2653
70727
31536
23062
68249
80108
8264
95617
65380
98580
36378
86015
5031
17962
19046
79540
49919
33038
15410
76454
84109
46373
63549
86863
71113
61088
4814
88065
24279
33742
20399
64718
44222
58346
96389
23968
24599
8963
20148
10382
41924
99168
86698
46260
88087
24967
22750
86587
91084
85585
14365
9513
80892
54733
84598
55883
51639
6776
31259
14896
43167
8322
20751
34585
46681
88499
58123
88244
94577
83252
63782
37513
56583
17657
95912
79219
94181
2249
86365
66539
86750
15958
9869
12438
31146
73221
28533
45695
66352
27322
4127
57177
68516
1967
37247
19315
46106
40488
59337
99020
77970
25978
38667
64483
99965
39003
95633
10589
13332
52342
72309
86756
53292
75515
73937
60224
20261
31598
67950
88941
75876
2066
65398
31206
95343
72082
47967
42385
34846
95822
46473
4937
23555
12070
79498
99061
81370
82394
92950
44171
50834
72787
18569
26404
19681
23730
86920
96167
1163
82081
4114
38698
80815
28224
55486
74395
17453
30328
11511
75449
6102
22485
7746
3170
91139
91875
67059
47040
3300
56966
42296
35316
25221
52071
76534
28637
34927
58361
37315
78749
15230
84712
27742
2097
61135
45473
41993
79587
77299
97439
64703
57385
23241
67980
37824
54176
42337
35411
54873
9725
61719
43278
40058
76133
78004
93312
77576
86509
2269
87346
49319
53287
41955
8485
19515
6674
39293
79302
81188
45141
53567
97775
52048
37093
16865
95097
31256
15220
43121
92366
27599
12163
78050
4520
48950
16434
22139
66693
15388
49649
33129
15462
39129
50313
71358
60218
63356
87483
69121
14098
4255
53754
57541
64639
69951
44039
2635
29449
93651
95641
6103
93844
80182
53126
44938
17488
43125
98446
2259
78653
58074
51684
33796
55731
88997
8719
3151
46177
93450
2946
51457
83994
20284
78043
67194
78340
45667
82550
26834
34755
86605
49855
46574
63868
27741
80845
3760
33298
79044
32255
90644
74819
89974
71405
9879
75573
54033
20646
65652
45453
61019
64476
69528
2457
57009
8863
80045
29998
34020
51862
37691
19866
88382
78136
72291
63626
30229
92496
45877
58858
94088
76011
6948
61698
70254
13690
98496
56712
84763
7121
71442
19083
26843
10820
56079
96638
17302
5397
92755
4112
43856
86915
78449
61544
87342
69115
91015
60473
53824
60429
41641
66078
26927
61881
50679
56109
20244
13178
31216
84835
85426
12450
83785
37925
80533
85179
79260
90452
60415
77974
6479
91869
87257
32897
10182
59996
96119
55054
47801
19676
50073
81157
87154
24846
61642
30749
78417
59369
35518
69684
7765
66990
88032
28356
18786
40281
86552
58057
59252
90437
16964
91645
51970
31202
55497
33546
51371
13154
92552
97862
83037
20917
60797
54083
84772
59742
5577
99671
89795
56234
25731
5372
10455
67748
57167
40869
64312
10274
48988
56879
4651
12332
16682
91518
51425
59609
15757
55187
55214
18704
84359
1848
23227
3539
50735
77989
41366
37507
77970
57073
46224
38582
73204
40683
34390
76105
16542
2963
34641
81968
6079
34341
75604
22433
51901
58830
91086
9707
37583
29535
98704
3864
99572
41252
84535
31546
61940
80265
94326
70257
40309
71709
11368
53851
24257
8992
45404
94136
2300
29953
36891
74245
48482
53525
77683
13672
60797
87774
30591
13551
44093
21238
7441
73920
3708
29495
17068
88355
95929
64895
67316
53457
34454
40357
19367
80224
95299
81042
61760
52404
41071
25626
73172
40427
65297
3750
69522
96473
35377
92078
27080
43689
83942
24174
93210
93501
34707
96204
55919
94289
20576
88191
40787
20633
59500
49275
66818
25565
18656
29107
62588
47113
53770
26135
63503
50654
9837
34189
5199
25333
55230
31331
94038
72976
34027
79494
35289
84610
75603
3968
15950
47830
95771
61272
56227
27844
67396
68403
30493
48113
94163
99918
20086
8014
81156
73639
91477
98002
91160
22220
94368
36175
49005
63060
80897
61135
19950
22422
63529
55410
40955
73864
94335
92619
38798
72305
43171
62898
83307
66313
5825
10906
87493
31326
55461
84060
39136
15691
80667
29361
99326
56541
98135
25435
75664
26558
73389
65071
69230
45799
87167
51745
90029
56706
14843
15202
94504
40479
67960
78318
53735
50913
76125
49977
34246
73734
25624
63810
92814
22379
89801
95060
42430
54019
35696
40904
36465
40462
26649
76930
86257
1379
36396
35428
72721
9076
77881
54533
51179
87749
13242
49063
16383
35898
7556
78289
78782
56260
25632
8585
65299
39216
38661
38236
16377
94312
24722
5325
5709